38	1
39	1
40	1
42	2
44	1
46	2
49	1
51	3
53	3
55	2
56	1
58	1
59	4
60	1
64	1
65	3
66	2
67	2
69	2
70	2
72	1
74	1
75	1
78	6
79	2
80	1
82	1
83	2
84	1
85	2
86	1
87	4
88	3
89	1
90	2
92	5
93	2
96	1
97	1
98	2
99	8
100	1
101	1
105	1
106	2
107	1
109	6
110	1
112	1
113	1
114	3
116	1
118	1
119	7
120	2
122	3
123	2
124	6
127	6
128	1
129	1
130	1
132	3
133	1
134	1
135	3
137	8
138	3
139	1
140	2
141	2
142	3
143	1
144	4
145	4
146	2
147	1
148	2
149	1
150	1
151	2
152	1
153	1
155	2
156	4
157	2
158	2
160	3
161	1
162	1
163	1
164	3
165	1
166	2
167	2
169	4
170	2
171	2
174	7
176	6
178	1
181	2
182	1
183	1
184	7
185	3
186	2
187	2
188	3
189	2
190	1
193	1
194	1
196	1
197	3
198	4
199	2
200	4
202	4
203	3
204	3
205	3
206	1
207	2
208	1
209	2
210	3
211	3
212	3
214	4
216	5
217	2
220	1
221	5
222	2
223	2
224	2
225	3
226	3
227	4
228	6
230	1
231	5
232	5
233	9
234	1
235	3
236	3
237	5
238	4
239	3
240	2
241	5
242	2
243	2
244	3
245	2
246	2
247	2
248	5
249	3
251	1
252	2
255	3
256	3
257	4
258	3
259	4
260	4
261	2
262	5
263	8
264	3
266	6
268	5
269	4
270	5
272	2
273	4
274	3
275	4
276	5
277	1
279	2
280	1
282	1
283	1
286	2
287	2
289	4
290	3
291	4
292	4
293	4
294	1
295	3
297	2
298	1
299	2
301	3
303	2
304	2
305	1
306	2
307	4
308	3
309	3
310	1
311	3
313	1
314	1
316	2
317	1
318	4
323	2
324	2
327	2
328	2
329	3
331	2
333	1
334	2
335	1
337	2
339	6
340	2
344	1
345	1
348	1
354	1
355	1
364	2
367	1
369	1
377	2
379	4
382	4
386	1
388	1
389	1
391	1
392	1
394	5
399	1
402	2
408	2
412	1
416	1
417	1
420	2
422	1
427	1
431	1
434	1
435	1
436	1
440	1
445	1
446	2
447	2
448	1
451	3
454	2
457	1
459	1
460	2
464	3
466	4
469	3
470	2
472	1
477	2
479	2
486	1
487	3
488	2
491	1
492	1
494	1
498	1
500	1
501	5
502	1
507	1
508	1
511	1
513	1
516	2
517	1
518	1
519	1
520	1
521	1
522	2
528	1
529	2
531	2
532	2
535	2
537	3
540	2
541	1
542	3
543	3
544	1
546	1
547	2
549	2
550	1
551	3
557	2
558	1
560	2
561	1
562	1
565	3
568	2
571	2
573	1
576	2
577	2
582	1
583	1
584	1
585	2
586	3
588	1
589	1
591	1
595	2
597	1
599	3
600	2
601	2
605	1
606	2
608	1
612	1
613	1
615	1
619	1
620	2
622	1
623	2
625	1
626	3
627	3
630	2
631	1
634	1
636	1
637	3
639	2
640	1
645	1
647	3
649	2
650	3
651	1
652	1
654	1
655	2
658	4
662	1
663	1
664	1
666	1
668	1
675	3
676	2
677	1
679	1
681	1
682	2
683	1
684	2
685	1
687	1
690	4
696	1
698	3
699	1
701	1
702	1
704	2
705	2
707	3
709	1
711	3
712	1
713	5
714	3
718	1
720	1
723	1
724	3
725	1
727	1
729	1
730	1
733	2
734	3
736	1
739	3
740	1
742	1
744	1
745	1
746	5
747	2
752	2
754	4
756	2
757	2
760	4
761	2
762	1
767	1
768	2
771	1
773	2
774	1
775	3
777	1
778	1
779	1
785	1
786	1
788	1
791	1
792	2
795	1
796	3
799	1
802	3
806	2
811	3
813	2
815	1
817	3
818	2
821	2
827	4
831	1
836	1
840	1
841	1
843	1
848	1
849	1
857	3
865	1
866	2
869	1
871	1
873	1
876	2
880	1
884	1
885	1
896	1
897	1
900	1
905	2
914	1
917	3
931	1
945	1
960	2
970	1
972	1
977	1
981	1
983	1
985	1
1001	2
1005	1
1016	2
1017	2
1023	1
1046	1
1051	1
1087	2
1098	1
1112	1
1131	1
1136	1
1138	1
1141	1
1143	1
1155	1
1162	1
1164	1
1166	1
1180	1
1184	1
1187	1
1188	1
1190	1
1191	1
1196	1
1197	1
1203	1
1212	1
1214	1
1215	2
1221	1
1227	1
1228	1
1230	3
1231	1
1234	1
1242	1
1246	2
1256	2
1258	1
1265	1
1266	1
1267	1
1271	1
1288	1
1289	1
1292	1
1295	1
1301	1
1303	1
1308	1
1317	1
1319	1
1335	1
1340	1
1341	1
1344	1
1347	1
1350	1
1359	1
1360	1
1361	1
1365	2
1366	1
1380	1
1392	1
1393	1
1394	1
1396	3
1397	1
1400	1
1415	1
1417	1
1422	1
1424	1
1425	1
1429	2
1441	3
1442	2
1443	2
1444	1
1445	1
1448	2
1449	1
1450	1
1455	2
1457	1
1458	1
1459	2
1464	1
1465	1
1468	1
1469	2
1474	3
1476	2
1478	1
1482	1
1484	1
1486	1
1487	1
1492	1
1495	2
1497	2
1498	1
1501	1
1505	1
1510	1
1511	1
1514	4
1517	2
1531	1
1534	1
1535	2
1536	1
1537	1
1540	1
1542	1
1543	1
1545	2
1547	1
1549	1
1550	3
1551	1
1553	1
1556	2
1560	1
1563	1
1565	1
1572	1
1573	1
1574	3
1575	1
1586	1
1588	1
1590	1
1596	3
1597	1
1598	2
1600	1
1602	1
1607	1
1608	1
1610	2
1615	3
1616	1
1618	1
1620	1
1621	1
1622	1
1623	2
1624	1
1626	1
1627	1
1632	2
1634	2
1636	3
1637	1
1639	1
1640	3
1643	1
1647	1
1652	3
1654	1
1657	1
1658	2
1659	1
1660	1
1669	3
1671	1
1674	2
1676	1
1678	1
1681	1
1689	2
1695	2
1699	1
1700	1
1703	1
1705	1
1706	1
1708	1
1709	1
1712	2
1724	1
1725	2
1727	1
1730	1
1733	2
1735	1
1737	1
1748	1
1749	2
1756	1
1757	1
1759	1
1761	1
1762	1
1763	1
1764	2
1766	1
1767	1
1772	1
1773	1
1774	1
1775	2
1776	1
1777	1
1778	1
1782	1
1783	1
1785	1
1795	1
1797	1
1798	2
1799	1
1800	1
1802	1
1804	1
1810	1
1815	2
1816	3
1817	1
1818	1
1821	1
1823	1
1825	1
1826	1
1828	1
1830	1
1833	1
1834	2
1844	1
1846	2
1849	1
1851	1
1852	2
1860	1
1861	1
1865	1
1869	1
1873	1
1879	1
1880	1
1881	1
1883	1
1884	2
1887	1
1888	1
1889	1
1893	3
1897	3
1899	2
1900	1
1901	1
1902	1
1906	1
1914	1
1916	1
1923	2
1924	1
1929	1
1935	1
1936	2
1943	1
1945	1
1951	1
1953	1
1955	1
1956	1
1966	1
1967	2
1972	1
1978	1
1981	2
1986	1
1994	1
2001	7
2003	1
2004	1
2005	1
2006	2
2008	3
2009	1
2010	1
2011	1
2012	1
2014	2
2016	1
2019	2
2021	1
2022	1
2023	2
2024	4
2026	1
2029	3
2030	1
2033	5
2034	3
2035	2
2036	1
2037	3
2039	4
2040	1
2041	1
2042	1
2043	1
2045	1
2046	2
2047	2
2052	1
2053	1
2054	1
2055	1
2056	5
2058	1
2060	1
2061	1
2062	4
2064	1
2065	1
2067	1
2068	1
2072	1
2073	1
2074	1
2075	1
2076	3
2077	1
2079	2
2081	1
2083	1
2084	1
2085	2
2086	1
2088	1
2089	1
2091	2
2094	1
2095	1
2096	2
2097	3
2099	2
2101	3
2102	1
2103	7
2104	1
2107	1
2108	2
2109	2
2110	1
2115	1
2117	1
2119	2
2120	1
2123	1
2132	2
2133	2
2135	1
2138	2
2140	1
2142	2
2144	1
2145	1
2146	1
2148	1
2152	1
2153	2
2154	1
2158	4
2161	2
2164	1
2165	1
2168	1
2170	1
2173	1
2175	2
2177	2
2178	2
2179	1
2181	1
2190	3
2197	1
2198	2
2199	1
2200	1
2204	2
2206	1
2210	5
2213	1
2215	1
2217	1
2225	1
2228	2
2232	1
2241	1
2244	2
2247	3
2256	1
2263	1
2266	2
2269	1
2273	1
2275	1
2276	3
2278	1
2281	1
2285	3
2287	1
2290	1
2292	3
2293	1
2301	1
2309	1
2319	4
2321	1
2322	1
2324	3
2331	2
2332	1
2333	3
2334	1
2335	2
2339	2
2341	1
2343	1
2344	3
2345	1
2346	1
2348	2
2350	1
2352	1
2354	1
2369	1
2371	1
2374	1
2382	1
2386	2
2390	1
2391	1
2392	1
2394	1
2397	1
2398	1
2399	2
2402	1
2404	2
2405	2
2406	2
2408	5
2410	2
2411	2
2413	1
2418	2
2426	1
2428	1
2429	1
2432	1
2435	1
2437	1
2441	2
2445	1
2446	1
2455	1
2456	1
2458	1
2460	1
2462	1
2463	1
2467	1
2469	1
2478	1
2484	1
2489	2
2493	1
2494	2
2495	2
2498	1
2499	1
2500	1
2502	2
2505	1
2511	2
2517	1
2519	1
2520	1
2524	2
2525	1
2528	2
2533	3
2538	1
2541	1
2543	1
2549	1
2551	1
2554	1
2555	1
2559	2
2563	1
2570	3
2571	1
2572	1
2575	3
2584	1
2585	1
2587	2
2588	1
2590	1
2594	1
2596	1
2599	1
2604	2
2605	1
2607	2
2610	1
2613	1
2614	2
2618	1
2619	1
2621	1
2623	1
2625	3
2626	1
2632	1
2639	1
2645	1
2648	5
2656	3
2657	1
2659	1
2660	1
2664	2
2680	2
2682	1
2689	1
2691	1
2700	1
2701	1
2708	1
2712	1
2716	3
2718	2
2721	1
2722	1
2724	1
2728	1
2729	2
2732	1
2734	3
2737	2
2739	1
2740	6
2744	2
2748	1
2750	2
2754	2
2755	1
2758	3
2765	2
2769	1
2776	1
2778	2
2779	1
2785	1
2798	2
2803	1
2806	1
2808	1
2811	2
2813	1
2814	1
2815	4
2823	2
2826	1
2830	1
2837	3
2845	1
2847	1
2849	1
2855	1
2856	2
2857	3
2877	3
2891	1
2895	2
2896	1
2897	1
2906	1
2912	1
2917	1
2919	1
2933	1
2934	1
2938	1
2950	1
2963	1
2965	1
2977	1
2979	1
2980	1
2983	1
3007	1
3027	1
3029	1
3032	1
3059	1
3091	1
3139	1
3165	1
3203	1
3222	1
3232	1
3240	1
3258	1
3260	1
3279	1
3311	1
3319	1
3340	1
3368	1
3414	1
3438	2
3453	1
3471	2
3480	1
3491	1
3493	1
3502	1
3526	1
3530	1
3564	1
3571	3
3574	1
3575	2
3576	1
3589	1
3591	2
3597	1
3599	1
3612	1
3617	1
3620	1
3633	1
3634	1
3639	1
3653	1
3659	2
3661	2
3668	1
3673	1
3682	1
3683	1
3691	1
3692	1
3694	1
3746	1
3747	3
3755	2
3765	1
3776	1
3791	1
3797	1
3804	1
3810	1
3817	2
3819	1
3822	1
3834	1
3850	1
3855	1
3866	1
3869	1
3895	1
3902	1
3904	1
3908	1
3917	2
3921	1
3922	1
3935	2
3941	2
3943	1
3957	1
3966	1
3967	1
3978	1
3985	2
3992	1
3994	1
4007	3
4010	1
4019	1
4022	2
4032	2
4039	1
4043	1
4044	1
4050	1
4052	3
4059	2
4075	2
4081	1
4090	1
4094	1
4098	1
4102	1
4108	2
4109	1
4126	2
4129	2
4130	2
4131	2
4134	1
4148	2
4152	1
4153	1
4154	1
4159	1
4161	1
4166	3
4167	1
4174	1
4177	1
4182	1
4184	1
4186	2
4187	1
4188	1
4195	3
4202	2
4204	3
4207	2
4208	5
4209	4
4212	1
4214	1
4217	2
4220	1
4224	1
4230	1
4235	1
4236	1
4242	2
4248	1
4252	1
4262	1
4263	2
4276	2
4280	1
4285	1
4289	1
4292	1
4299	1
4304	1
4305	1
4314	1
4320	1
4322	2
4324	2
4328	3
4331	2
4332	2
4339	1
4351	1
4354	3
4359	1
4366	1
4380	2
4389	1
4390	1
4395	1
4398	1
4407	1
4423	2
4428	1
4439	1
4441	1
4446	1
4450	1
4466	1
4469	1
4480	1
4488	1
4490	2
4493	1
4496	2
4503	1
4509	1
4517	1
4526	1
4532	2
4538	2
4542	1
4545	2
4547	1
4549	1
4571	1
4583	1
4588	2
4590	1
4615	1
4617	2
4619	1
4620	1
4630	2
4640	1
4642	1
4657	2
4661	2
4670	1
4674	1
4687	5
4690	1
4701	1
4706	1
4719	2
4730	1
4750	1
4763	1
4768	1
4769	1
4773	1
4775	1
4778	1
4783	1
4793	1
4799	1
4812	2
4825	1
4830	1
4832	1
4839	1
4852	1
4859	1
4873	1
4876	1
4880	1
4886	1
4889	1
4890	1
4894	1
4900	1
4906	1
4951	1
4956	1
4962	2
4964	1
4965	1
4967	1
4968	2
4978	1
5000	1
5139	1
5150	1
5214	1
5326	1
5741	1
5792	2
6512	1
6588	1
8435	1
9381	1
9471	1
9527	1
9862	2
9905	1
10239	1
10469	2
10627	1
10693	1
10956	1
11560	1
11600	1
11982	1
11989	1
12115	5
12268	1
12535	3
13563	2
13755	1
14531	1
14847	1
15196	1
15465	1
15564	2
15771	1
16524	2
17188	1
17310	1
17523	1
17534	1
17555	3
17620	1
17644	1
17656	2
17663	1
17676	1
17682	1
17716	1
17739	1
17824	2
17837	1
17886	1
17891	1
17902	1
17948	1
17997	3
18005	1
18015	4
18017	1
18061	1
18063	2
18069	1
18080	1
18082	2
18087	2
18088	1
18091	1
18108	2
18124	1
18156	2
18158	4
18164	1
18173	1
18184	1
18186	1
18211	1
18225	1
18228	1
18256	1
18265	1
18271	1
18304	1
18309	1
18319	2
18354	1
18377	1
18383	1
18423	1
18488	1
19264	1
20398	1
20411	1
20761	1
20813	1
20864	2
20907	1
20918	1
21075	1
21117	1
21198	1
21280	1
21329	1
21347	2
21408	2
21441	1
21472	1
21525	1
21621	2
21674	3
21735	1
21786	1
21929	1
22318	2
22445	1
22454	1
22760	3
22790	1
22798	1
22805	1
22811	1
22817	4
22825	1
22827	1
22832	1
22850	1
22855	1
22857	1
22861	1
22869	1
22873	2
22874	1
22878	2
22890	2
22894	1
22898	2
22899	1
22902	2
22903	1
22906	1
22907	5
22908	3
22909	1
22913	1
22916	4
22919	1
22920	3
22927	2
22928	5
22930	1
22931	1
22935	8
22937	1
22938	1
22939	1
22941	1
22943	3
22945	1
22947	1
22949	2
22951	1
22952	4
22953	3
22956	5
22958	2
22960	1
22961	4
22962	1
22964	2
22966	1
22968	1
22969	1
22970	2
22973	1
22974	1
22975	1
22977	2
22978	3
22979	3
22980	1
22983	1
22984	1
22986	3
22987	1
22988	1
22989	2
22991	2
22994	3
22995	1
22996	3
22998	1
23000	1
23003	2
23005	5
23007	3
23008	1
23009	2
23011	1
23012	3
23014	1
23016	1
23017	3
23020	2
23021	2
23022	2
23023	6
23024	1
23036	2
23039	1
23043	2
23044	1
23045	4
23047	1
23048	1
23050	1
23051	3
23052	3
23054	4
23056	1
23059	1
23060	1
23062	1
23066	1
23067	3
23068	3
23070	2
23073	2
23075	3
23076	1
23077	2
23078	1
23082	3
23083	2
23084	5
23087	4
23088	2
23089	1
23090	4
23091	1
23096	2
23097	2
23098	1
23099	2
23101	2
23102	4
23105	1
23106	1
23111	4
23114	1
23115	3
23117	1
23121	2
23122	3
23124	4
23125	1
23126	5
23127	2
23128	5
23129	2
23130	1
23131	1
23132	3
23133	3
23137	1
23138	2
23139	1
23141	1
23142	1
23143	5
23144	1
23145	2
23146	3
23149	1
23150	1
23151	1
23152	2
23153	1
23154	3
23156	2
23157	3
23159	3
23161	4
23162	2
23163	1
23164	4
23165	2
23167	3
23168	2
23169	3
23170	3
23171	2
23172	6
23173	2
23174	1
23179	2
23181	4
23182	1
23184	2
23185	2
23186	2
23188	3
23189	2
23190	3
23192	2
23193	1
23195	2
23198	3
23199	4
23200	1
23201	3
23202	2
23204	3
23205	1
23206	1
23207	2
23208	2
23209	2
23211	2
23213	2
23214	2
23215	1
23216	2
23217	3
23218	3
23219	2
23220	1
23221	3
23222	1
23224	1
23226	4
23227	1
23228	1
23229	3
23231	1
23232	3
23233	1
23234	1
23237	1
23241	3
23242	1
23243	3
23246	3
23248	1
23249	2
23250	6
23251	6
23252	2
23257	1
23260	4
23261	2
23262	4
23263	1
23264	2
23265	3
23268	2
23269	5
23271	4
23272	2
23273	1
23274	1
23275	3
23276	7
23277	1
23278	2
23279	4
23282	2
23283	1
23284	6
23285	2
23287	1
23289	4
23290	1
23293	2
23294	1
23295	4
23296	2
23297	2
23299	3
23300	2
23301	7
23302	3
23303	1
23304	5
23305	3
23307	1
23308	2
23310	1
23311	4
23312	3
23313	1
23315	2
23316	1
23318	1
23319	1
23320	5
23321	1
23322	2
23323	2
23324	1
23325	4
23326	1
23328	4
23329	2
23331	3
23332	3
23333	1
23334	5
23335	2
23336	2
23337	2
23338	1
23340	1
23342	3
23344	4
23345	1
23346	1
23347	2
23348	4
23350	1
23351	3
23354	5
23355	1
23356	1
23357	1
23358	2
23360	5
23361	1
23364	3
23365	2
23366	1
23370	1
23372	2
23373	1
23375	2
23376	1
23377	2
23378	2
23379	3
23380	2
23381	1
23383	5
23388	4
23389	2
23390	3
23391	2
23392	3
23393	4
23394	1
23395	3
23396	6
23397	2
23398	1
23399	2
23400	1
23401	2
23403	5
23404	5
23405	4
23406	2
23407	1
23409	2
23410	4
23412	1
23413	1
23414	4
23415	1
23416	1
23417	4
23419	2
23420	3
23421	1
23422	4
23424	3
23425	2
23426	6
23427	1
23428	1
23431	1
23432	1
23433	1
23434	2
23435	1
23436	3
23437	1
23438	2
23439	1
23440	3
23441	1
23442	8
23443	1
23445	1
23446	1
23447	2
23448	1
23449	1
23450	2
23451	2
23452	4
23454	2
23455	2
23456	4
23457	1
23459	3
23460	3
23466	2
23467	4
23468	3
23469	3
23470	1
23473	1
23475	1
23476	1
23477	2
23479	1
23481	1
23482	2
23483	1
23485	3
23486	3
23487	3
23488	5
23490	1
23491	3
23492	3
23493	2
23494	2
23496	3
23497	3
23498	2
23499	7
23500	1
23501	2
23503	2
23505	3
23506	2
23507	1
23508	4
23509	1
23511	1
23512	2
23514	5
23515	1
23516	1
23517	1
23519	2
23521	1
23522	2
23523	1
23524	2
23525	1
23526	1
23528	3
23529	4
23532	1
23534	3
23535	2
23537	1
23539	3
23540	3
23541	2
23542	2
23544	1
23545	1
23546	1
23547	2
23548	1
23549	2
23550	2
23551	3
23552	1
23553	4
23554	2
23555	1
23556	2
23557	1
23558	1
23559	2
23560	5
23561	2
23562	2
23564	1
23565	4
23566	1
23567	1
23569	1
23571	3
23572	2
23573	1
23575	4
23576	6
23578	1
23579	7
23580	1
23582	2
23583	2
23584	3
23585	1
23586	2
23588	3
23589	1
23590	1
23591	5
23592	1
23593	3
23594	3
23596	2
23597	3
23598	1
23599	7
23600	1
23601	6
23602	1
23603	3
23605	1
23606	1
23607	2
23608	3
23609	6
23610	1
23612	5
23614	1
23615	2
23616	3
23617	10
23618	1
23619	3
23620	3
23621	2
23622	1
23623	3
23625	5
23626	4
23627	1
23628	1
23629	1
23630	1
23632	3
23633	5
23634	2
23636	2
23637	3
23639	1
23640	4
23641	4
23642	5
23643	1
23645	2
23646	3
23647	2
23648	3
23649	4
23650	4
23651	1
23652	2
23653	1
23654	2
23655	7
23656	5
23657	2
23658	2
23660	7
23662	4
23663	1
23665	2
23666	1
23668	2
23670	1
23671	2
23672	3
23673	2
23674	6
23675	1
23676	1
23680	5
23681	2
23682	1
23683	2
23684	1
23686	6
23687	1
23688	2
23689	2
23690	1
23692	3
23693	5
23694	2
23695	3
23698	1
23699	2
23700	2
23701	1
23706	2
23707	3
23708	2
23709	2
23710	2
23711	1
23712	2
23715	1
23716	1
23717	1
23719	2
23720	1
23722	3
23723	4
23724	3
23725	3
23726	2
23727	1
23729	1
23730	3
23731	2
23733	1
23734	2
23735	1
23736	1
23738	2
23739	3
23741	2
23742	3
23745	2
23747	2
23748	3
23751	4
23752	2
23753	1
23754	1
23755	2
23757	2
23758	1
23759	3
23761	2
23763	3
23765	3
23766	1
23771	1
23772	1
23773	1
23775	2
23776	1
23778	1
23779	2
23780	3
23781	2
23782	1
23784	1
23785	1
23786	1
23787	4
23788	4
23789	1
23790	2
23793	2
23794	2
23795	2
23797	3
23798	1
23800	3
23801	1
23805	2
23806	1
23807	2
23808	2
23809	2
23810	3
23811	1
23812	2
23813	1
23815	2
23817	2
23818	5
23819	1
23820	2
23821	1
23824	1
23826	2
23828	1
23829	1
23834	1
23837	2
23838	1
23840	2
23842	1
23843	2
23844	3
23846	1
23847	1
23852	1
23854	3
23855	2
23857	1
23861	1
23862	1
23863	1
23868	1
23875	1
23876	1
23880	1
23884	2
23888	2
23889	3
23913	2
23918	1
23950	1
24323	1
24802	1
25570	1
25752	1
25897	1
25953	1
26372	1
26734	1
27606	2
27956	2
30872	1
30898	1
30900	1
30917	1
30984	1
31000	2
31042	1
31044	1
31050	2
31095	1
31118	1
31120	3
31133	3
31150	2
31153	1
31174	1
31176	1
31248	2
31314	1
31322	1
31338	1
31350	1
31418	1
31490	1
31635	1
31676	1
31687	1
31752	2
31755	1
31801	1
31804	1
31899	1
32004	2
32032	1
32341	1
32471	1
32503	1
32565	1
32649	1
32737	2
32790	1
32795	1
32832	1
32888	1
32982	1
33040	1
33098	1
33151	1
33224	1
33280	1
33933	1
34369	1
34502	1
34663	1
34740	1
34843	1
34966	1
34986	1
35043	1
35057	1
36249	2
37576	4
37629	4
38205	1
38265	1
38309	1
39151	2
39251	1
39373	2
39385	1
39417	1
39483	1
39508	1
39511	3
39517	1
39578	2
39641	2
39663	1
39702	1
39708	1
39728	1
39733	1
39747	1
39826	1
39872	2
39952	1
40056	1
40072	1
40073	1
40092	1
40100	1
40102	1
40114	1
40115	2
40116	3
40139	3
40144	2
40152	1
40162	2
40164	1
40173	1
40175	2
40180	2
40183	3
40186	1
40187	1
40189	1
40190	2
40191	1
40193	2
40194	2
40195	1
40197	1
40205	2
40206	1
40207	1
40208	1
40214	1
40215	2
40227	1
40228	1
40230	1
40232	2
40233	2
40234	1
40238	2
40239	1
40248	1
40249	1
40251	1
40252	1
40253	1
40254	1
40255	2
40256	1
40259	1
40260	3
40261	2
40263	1
40268	2
40269	3
40270	1
40271	3
40272	2
40274	1
40279	3
40281	2
40282	3
40288	1
40293	7
40294	2
40295	2
40298	1
40300	3
40301	1
40304	1
40305	2
40306	1
40307	2
40310	4
40312	3
40313	1
40314	1
40315	3
40316	1
40317	1
40319	2
40323	1
40324	1
40325	5
40326	1
40328	2
40329	4
40330	1
40331	3
40333	4
40334	1
40336	1
40338	1
40340	3
40342	1
40343	3
40344	1
40345	2
40347	4
40348	1
40349	2
40351	1
40352	2
40354	4
40355	3
40357	1
40360	2
40361	4
40362	1
40363	3
40364	3
40367	1
40368	2
40369	4
40370	1
40371	2
40373	1
40374	3
40376	2
40377	2
40378	1
40379	3
40380	2
40382	1
40383	1
40384	2
40385	1
40387	4
40388	1
40390	5
40391	1
40392	1
40393	4
40395	1
40398	1
40399	1
40400	1
40401	4
40404	1
40405	3
40406	2
40407	2
40408	1
40409	3
40410	7
40411	1
40412	1
40413	6
40414	3
40417	3
40419	1
40420	1
40421	2
40422	3
40423	1
40424	1
40425	2
40426	3
40427	1
40429	1
40430	4
40431	3
40432	1
40433	3
40434	4
40435	2
40436	2
40438	2
40440	2
40441	1
40442	2
40444	1
40445	3
40446	1
40447	1
40448	2
40449	2
40450	2
40451	3
40452	1
40453	3
40454	2
40457	1
40459	3
40460	4
40461	2
40463	2
40464	2
40465	2
40466	2
40469	2
40470	2
40471	2
40472	3
40473	2
40474	1
40475	1
40476	3
40477	1
40478	1
40480	1
40481	2
40483	1
40484	2
40485	2
40486	2
40487	1
40488	2
40489	2
40490	1
40491	1
40492	1
40494	2
40497	2
40498	3
40499	5
40500	2
40502	2
40503	1
40504	2
40507	3
40508	2
40510	2
40513	3
40515	1
40516	1
40517	1
40519	4
40520	1
40521	2
40523	3
40524	2
40525	2
40526	1
40527	1
40528	2
40530	4
40531	1
40532	2
40533	1
40535	3
40536	2
40537	4
40538	1
40539	3
40540	2
40541	2
40543	4
40544	1
40545	2
40546	1
40547	1
40548	2
40549	1
40550	1
40551	2
40553	5
40554	3
40555	6
40556	1
40557	2
40558	4
40560	1
40561	2
40563	6
40564	4
40565	1
40566	4
40567	1
40568	4
40570	2
40571	3
40572	1
40574	1
40575	1
40577	4
40578	2
40579	3
40580	1
40581	2
40582	4
40583	2
40584	2
40585	1
40586	3
40587	1
40588	3
40589	1
40592	2
40594	1
40595	2
40596	3
40597	2
40598	1
40599	4
40600	1
40601	2
40602	2
40603	3
40604	2
40605	2
40607	1
40608	1
40609	3
40610	1
40611	1
40612	2
40614	2
40615	3
40616	5
40617	1
40618	2
40619	2
40620	4
40621	5
40622	1
40623	2
40624	3
40626	2
40628	6
40629	2
40630	1
40631	1
40632	2
40633	1
40634	2
40636	4
40638	3
40639	2
40640	2
40642	2
40643	4
40644	2
40645	2
40646	2
40647	3
40648	2
40649	2
40650	2
40651	6
40652	3
40653	3
40654	2
40655	4
40657	6
40658	3
40659	4
40660	1
40661	2
40662	1
40663	1
40664	1
40665	1
40666	3
40667	4
40668	5
40669	1
40670	1
40671	3
40672	1
40673	2
40674	1
40675	2
40676	3
40677	1
40678	4
40679	2
40680	1
40681	2
40682	5
40683	2
40684	4
40685	1
40688	1
40691	3
40692	3
40693	1
40694	2
40695	3
40696	1
40697	2
40698	1
40699	2
40701	1
40702	2
40704	3
40705	1
40706	4
40708	1
40709	3
40710	6
40712	3
40713	1
40714	3
40715	3
40716	3
40717	2
40718	3
40719	2
40720	1
40721	6
40722	4
40724	2
40725	3
40726	1
40727	2
40728	6
40730	4
40731	2
40732	2
40733	3
40735	2
40737	2
40738	2
40739	5
40740	3
40741	3
40742	4
40743	4
40744	1
40745	1
40746	2
40747	3
40748	2
40749	1
40750	2
40752	4
40753	1
40755	2
40756	5
40757	3
40758	3
40760	4
40761	1
40762	2
40763	1
40764	1
40765	2
40766	7
40767	3
40768	1
40769	1
40770	9
40771	3
40772	1
40773	1
40774	3
40775	5
40776	1
40778	1
40779	2
40780	6
40781	2
40782	3
40783	1
40784	2
40785	10
40786	1
40787	3
40788	3
40789	6
40790	1
40791	1
40792	3
40794	1
40795	2
40796	6
40797	3
40798	2
40799	4
40800	1
40801	6
40802	1
40803	1
40804	1
40805	5
40806	2
40807	5
40808	3
40809	2
40810	1
40812	3
40813	2
40814	5
40815	4
40816	4
40819	2
40820	1
40821	3
40822	2
40823	6
40824	6
40825	2
40826	1
40828	2
40829	3
40830	2
40831	6
40832	4
40833	4
40834	3
40835	2
40836	3
40840	1
40841	6
40842	1
40843	5
40845	3
40848	5
40850	1
40851	4
40852	1
40853	5
40854	3
40855	1
40856	2
40857	1
40858	2
40860	1
40862	2
40863	2
40864	3
40865	1
40866	4
40868	5
40869	4
40870	1
40872	4
40873	5
40874	2
40875	1
40876	3
40877	2
40878	1
40880	3
40881	5
40882	1
40883	2
40885	2
40886	1
40887	3
40888	5
40889	2
40890	1
40891	3
40892	3
40893	3
40895	7
40896	1
40897	2
40898	1
40899	4
40900	2
40901	5
40902	3
40903	4
40904	3
40905	3
40906	1
40907	2
40908	1
40909	3
40910	1
40911	4
40913	6
40914	2
40915	4
40916	1
40918	1
40919	3
40920	2
40921	1
40922	5
40923	2
40924	3
40925	2
40926	2
40927	1
40928	2
40929	2
40930	2
40931	2
40933	1
40934	2
40935	2
40936	3
40937	1
40938	3
40939	1
40940	2
40941	2
40942	3
40943	6
40944	3
40945	3
40946	5
40947	1
40948	3
40949	1
40950	5
40951	1
40952	3
40953	3
40954	1
40955	2
40956	4
40957	5
40958	7
40959	5
40960	1
40962	3
40963	2
40964	2
40965	1
40966	1
40967	2
40969	5
40970	4
40971	2
40972	6
40973	1
40974	1
40975	3
40976	4
40977	1
40978	4
40979	2
40981	4
40982	2
40985	1
40986	3
40987	4
40988	4
40989	4
40990	2
40992	2
40993	2
40994	3
40995	3
40996	3
40997	1
40998	3
40999	5
41000	1
41001	4
41002	1
41003	5
41004	7
41005	2
41006	2
41008	1
41009	2
41010	1
41011	1
41012	1
41014	2
41016	4
41018	2
41019	2
41020	4
41021	1
41022	4
41023	2
41024	3
41025	2
41026	5
41027	1
41028	2
41029	3
41030	1
41031	2
41032	4
41034	1
41035	2
41036	2
41037	1
41038	2
41040	2
41041	2
41042	3
41043	1
41044	2
41045	6
41047	2
41048	1
41049	1
41050	3
41051	3
41053	1
41055	6
41056	3
41057	3
41059	4
41063	2
41064	2
41065	1
41066	1
41067	1
41068	1
41069	3
41071	4
41074	3
41075	3
41076	3
41077	4
41078	1
41079	1
41080	2
41082	1
41084	1
41086	3
41087	1
41088	3
41090	2
41094	3
41095	1
41096	2
41098	3
41099	4
41102	4
41103	3
41106	1
41107	1
41108	2
41109	1
41110	2
41111	6
41112	1
41113	3
41114	3
41115	2
41116	5
41117	1
41118	2
41120	4
41121	2
41122	1
41123	1
41125	3
41127	1
41128	1
41129	1
41130	1
41131	2
41133	1
41135	1
41136	2
41137	1
41138	2
41139	2
41142	1
41144	1
41147	2
41149	1
41154	1
41155	1
41159	1
41160	2
41162	2
41167	2
41171	1
41173	1
41179	1
41180	1
41182	1
41187	1
41188	1
41192	1
41197	1
41202	1
41206	1
41221	1
41224	1
41228	1
41233	2
41256	1
41298	1
41312	1
41320	1
41339	1
41380	1
41676	1
41994	3
42262	1
42632	1
42680	1
42726	1
42800	1
42804	1
42871	1
42922	5
42964	1
42975	1
43065	1
43108	1
43247	2
43371	1
43385	1
43453	1
43484	1
43599	1
43613	1
43680	1
44027	2
44031	1
44268	1
44402	1
45049	1
45125	1
45141	1
45231	1
45253	1
45268	1
45317	1
45338	1
45373	2
45398	1
45402	1
45412	1
45417	1
45420	1
45439	1
45472	1
45489	1
45505	1
45537	1
45559	1
45562	1
45566	1
45568	1
45585	1
45591	1
45622	1
45647	1
45655	1
45675	1
45677	1
45688	1
45692	1
45720	1
45742	1
45743	1
45749	1
45753	1
45770	1
45772	1
45776	1
45779	1
45789	1
45843	1
45848	1
45854	1
45857	2
45869	1
45871	2
45884	2
45885	1
45897	2
45911	1
45915	1
45917	1
45933	1
45939	1
45940	1
45948	1
45950	1
45960	2
45979	1
45984	2
45985	2
45989	1
46001	1
46012	1
46015	1
46017	1
46025	2
46027	1
46033	1
46042	1
46046	1
46049	1
46057	1
46059	1
46082	3
46084	2
46086	2
46103	1
46104	1
46106	1
46115	2
46120	2
46163	1
46169	1
46189	1
46191	1
46198	1
46199	3
46205	1
46208	1
46211	3
46214	1
46238	1
46246	3
46250	1
46252	1
46265	1
46277	1
46288	1
46296	1
46331	2
46352	3
46356	1
46361	1
46371	1
46388	1
46410	1
46411	1
46417	1
46419	1
46427	1
46444	1
46468	1
46493	1
46497	1
46499	2
46511	1
46518	1
46527	1
46570	1
46574	1
46605	1
46613	1
46616	1
46646	1
46662	1
46700	1
46708	1
46711	1
46716	1
46721	2
46726	1
46742	1
46757	1
46783	3
46793	1
46802	3
46806	2
46831	2
46856	2
46858	1
46865	1
46882	2
46906	1
46926	1
46929	3
46943	2
46944	1
46950	1
46951	2
46974	2
46998	1
47008	1
47073	1
47079	1
47100	1
47104	1
47108	1
47123	3
47682	3
48046	1
49948	1
50146	1
51022	1
51320	1
52799	2
53252	1
53850	1
54123	1
54917	1
55137	1
55641	1
56051	1
56295	1
56571	1
58005	1
58645	1
58757	1
59325	1
59808	2
62506	2
62816	1
63531	2
64215	2
66098	1
66316	2
66688	1
66757	1
67105	1
67433	1
68307	1
69756	2
69808	1
70952	1
71721	1
73938	1
74021	1
74144	1
74193	1
74202	1
76772	2
76814	1
77770	1
77971	1
78401	1
78571	1
78665	3
78805	1
80193	1
81338	1
81966	1
82340	1
83003	1
83454	3
84240	1
84275	1
84306	1
84344	1
84350	2
84359	1
84365	1
84392	1
84400	1
84425	1
84426	1
84456	1
84489	1
84506	1
84508	1
84516	1
84533	2
84542	1
84556	1
84578	1
84580	2
84590	1
84594	1
84599	1
84610	1
84612	1
84621	1
84622	1
84624	1
84636	2
84644	1
84650	1
84651	1
84657	1
84669	1
84689	1
84693	1
84698	1
84710	1
84715	1
84716	1
84720	1
84739	1
84741	1
84742	1
84746	1
84754	2
84767	1
84770	2
84784	1
84790	1
84799	2
84809	1
84810	1
84821	2
84835	1
84836	1
84838	1
84847	2
84851	1
84857	1
84868	1
84875	1
84879	1
84882	1
84889	1
84890	2
84891	1
84893	1
84904	1
84909	2
84912	1
84917	1
84920	2
84943	1
84949	1
84958	1
84959	1
84960	1
84974	1
84976	2
84988	1
84997	2
85005	1
85008	1
85026	1
85032	1
85033	1
85038	1
85041	1
85053	4
85054	1
85071	2
85087	1
85093	1
85094	1
85098	1
85104	2
85113	1
85122	2
85123	2
85140	1
85142	1
85147	1
85155	1
85156	1
85160	1
85164	1
85166	1
85173	1
85184	1
85189	1
85197	1
85205	2
85212	1
85216	1
85217	3
85221	1
85229	3
85240	1
85242	1
85260	1
85263	1
85292	2
85328	1
85331	1
85353	1
85388	2
86825	1
86914	1
86924	1
86947	1
86953	1
87129	1
87201	1
87204	1
87215	1
87331	1
87334	1
87341	1
87382	1
87398	1
87565	1
87596	1
87753	1
87797	1
88294	1
88623	1
88808	2
90095	1
90115	1
92228	3
92703	2
94381	2
94440	1
95102	1
96167	3
96211	3
96236	1
96541	2
96999	3
98635	1
101069	1
101199	1
102701	1
105323	1
105383	1
105384	1
105491	1
106091	1
106198	1
106299	1
106368	1
106373	1
109261	1
109279	1
109357	2
109422	2
109531	1
109538	2
110321	1
110371	1
110423	1
110425	1
110508	1
110520	1
110639	1
110724	1
110754	1
110756	1
110782	1
110850	1
110858	1
112092	2
112149	1
112156	1
112158	2
112159	1
112167	2
112171	3
112175	1
112177	1
112189	1
112196	2
112200	1
112225	1
112231	1
112239	2
112241	1
112249	1
112250	1
112253	1
112260	2
112267	2
112272	1
112273	1
112274	1
112277	1
112281	4
112284	1
112286	1
112287	3
112288	1
112289	2
112291	1
112294	1
112298	2
112304	1
112310	1
112313	2
112314	1
112315	1
112319	1
112320	1
112323	2
112324	1
112326	1
112330	1
112332	1
112333	1
112334	2
112335	3
112340	1
112341	1
112343	2
112347	1
112348	4
112351	1
112353	1
112354	1
112355	1
112356	2
112357	4
112358	2
112361	1
112362	1
112363	2
112365	1
112367	2
112368	1
112372	4
112373	1
112374	1
112376	1
112377	1
112379	2
112387	1
112388	1
112389	1
112392	1
112395	1
112398	6
112399	2
112400	1
112402	1
112403	1
112405	1
112406	3
112407	2
112411	1
112416	1
112418	2
112419	1
112420	1
112425	1
112427	1
112432	1
112434	1
112436	2
112438	2
112442	1
112443	1
112444	1
112445	3
112446	1
112447	3
112448	1
112452	3
112453	2
112454	1
112455	1
112457	1
112460	1
112462	1
112463	2
112465	3
112466	2
112468	2
112469	1
112471	2
112472	1
112473	1
112474	2
112475	2
112476	1
112479	1
112480	2
112481	3
112482	1
112484	1
112485	2
112494	1
112495	2
112500	1
112502	1
112503	2
112505	1
112506	1
112507	1
112508	1
112509	3
112511	1
112512	1
112515	1
112518	2
112519	1
112520	2
112523	1
112524	2
112526	2
112527	3
112528	3
112529	3
112530	7
112531	1
112532	1
112537	2
112538	1
112539	1
112540	1
112541	4
112542	1
112544	1
112545	2
112546	3
112548	1
112549	2
112551	3
112553	1
112554	1
112556	1
112557	1
112559	1
112560	2
112561	2
112562	1
112563	1
112564	1
112566	2
112567	2
112568	2
112569	1
112570	1
112571	1
112572	4
112576	1
112577	2
112578	1
112579	1
112581	1
112582	6
112583	1
112584	3
112586	3
112587	4
112588	5
112590	2
112591	3
112592	1
112594	1
112596	1
112598	2
112599	1
112600	1
112603	4
112604	2
112605	3
112608	1
112609	1
112610	2
112612	2
112613	1
112614	6
112615	1
112616	5
112618	4
112619	1
112620	2
112622	3
112623	5
112624	1
112625	1
112626	2
112627	1
112629	1
112630	1
112631	3
112632	1
112633	1
112634	2
112635	1
112636	4
112637	1
112638	2
112640	3
112641	1
112642	3
112643	3
112645	1
112646	4
112647	4
112648	2
112649	1
112650	6
112653	1
112654	2
112655	1
112656	3
112657	4
112658	3
112659	3
112660	1
112661	4
112662	1
112663	2
112666	3
112667	2
112668	2
112670	1
112671	2
112673	1
112674	2
112675	3
112678	1
112679	2
112681	1
112682	3
112683	3
112684	1
112685	1
112686	3
112687	1
112688	2
112690	4
112691	1
112692	1
112693	2
112694	4
112695	1
112696	1
112697	1
112698	1
112699	1
112700	4
112701	2
112702	3
112704	1
112706	2
112707	2
112709	2
112710	1
112711	2
112712	3
112713	2
112715	2
112716	5
112718	2
112719	2
112720	1
112721	1
112723	1
112725	3
112726	2
112729	1
112731	3
112732	4
112733	2
112734	1
112737	2
112738	1
112739	1
112740	1
112741	1
112742	3
112743	3
112745	2
112746	2
112747	1
112748	2
112749	2
112750	3
112751	1
112752	3
112753	1
112755	3
112756	1
112757	2
112758	6
112759	3
112761	2
112762	2
112763	4
112764	1
112765	3
112766	1
112767	1
112768	5
112770	3
112771	2
112772	5
112773	2
112774	2
112775	6
112777	1
112778	3
112779	1
112781	4
112782	2
112784	1
112785	1
112787	4
112789	2
112790	2
112791	1
112792	6
112793	6
112794	3
112795	2
112796	1
112798	4
112799	1
112800	1
112801	3
112802	2
112803	3
112804	2
112805	2
112806	2
112807	1
112808	2
112811	3
112812	3
112813	2
112814	2
112815	2
112817	2
112818	2
112819	2
112820	1
112821	4
112824	3
112825	2
112826	1
112827	4
112829	1
112831	6
112832	2
112836	3
112837	1
112838	1
112839	5
112840	2
112841	4
112842	1
112843	1
112844	5
112845	5
112846	2
112847	6
112848	4
112850	2
112851	4
112852	4
112855	4
112856	2
112857	3
112858	4
112859	2
112860	1
112861	6
112862	2
112864	4
112865	4
112866	1
112867	1
112868	1
112869	4
112870	2
112871	3
112872	1
112873	3
112874	1
112875	2
112877	1
112878	2
112880	1
112881	3
112882	1
112883	1
112884	3
112886	2
112888	4
112889	2
112890	4
112891	3
112892	3
112893	2
112894	1
112895	4
112899	2
112900	1
112902	1
112903	1
112904	3
112905	2
112906	2
112907	1
112908	2
112909	4
112910	2
112911	1
112912	5
112913	3
112914	4
112915	3
112916	3
112919	2
112920	1
112923	2
112924	1
112925	2
112928	2
112929	2
112931	2
112932	1
112933	1
112934	3
112935	3
112936	1
112937	1
112938	1
112939	2
112940	3
112941	1
112942	2
112943	3
112944	3
112945	1
112946	1
112947	1
112948	1
112949	2
112950	2
112951	1
112952	1
112953	6
112954	5
112956	2
112958	3
112959	1
112961	4
112965	1
112966	3
112967	2
112969	2
112970	1
112971	3
112972	4
112973	1
112974	1
112975	2
112978	2
112979	1
112980	1
112981	2
112983	3
112984	1
112985	1
112986	2
112987	2
112989	3
112990	3
112991	1
112992	4
112993	7
112994	1
112995	2
112996	2
112997	5
112998	4
112999	2
113000	3
113001	2
113002	1
113005	1
113006	1
113007	3
113008	2
113009	1
113010	6
113011	3
113012	5
113013	4
113014	1
113015	3
113016	3
113017	5
113018	3
113019	5
113020	2
113021	1
113022	2
113023	2
113024	2
113025	5
113026	5
113027	2
113028	1
113030	3
113032	3
113033	3
113034	3
113035	2
113036	6
113037	1
113038	3
113039	1
113040	5
113042	3
113045	2
113046	1
113047	1
113048	2
113049	1
113050	4
113052	2
113053	1
113055	2
113056	1
113057	2
113058	2
113059	4
113060	2
113061	4
113062	1
113063	1
113064	5
113065	3
113066	3
113067	3
113068	2
113070	3
113071	5
113072	2
113073	1
113075	1
113076	7
113077	3
113078	6
113080	2
113081	5
113082	2
113083	2
113085	4
113086	1
113087	5
113089	3
113091	4
113092	4
113093	2
113094	1
113095	1
113096	5
113097	3
113098	3
113099	3
113100	4
113101	1
113102	2
113103	3
113104	1
113105	5
113107	2
113110	2
113111	2
113112	1
113113	1
113115	4
113117	2
113118	3
113120	2
113121	2
113122	2
113123	1
113125	3
113126	1
113128	5
113130	1
113131	7
113132	2
113133	2
113134	1
113135	1
113136	1
113137	5
113140	1
113141	1
113143	1
113145	3
113146	1
113147	1
113148	4
113149	3
113150	1
113151	1
113152	1
113153	1
113154	1
113155	2
113156	2
113157	3
113158	1
113159	2
113160	1
113161	3
113164	3
113166	1
113167	2
113168	1
113170	1
113171	2
113172	1
113173	1
113174	2
113175	3
113176	2
113177	1
113178	1
113180	1
113181	1
113182	5
113183	5
113189	1
113190	1
113191	2
113193	3
113194	3
113195	3
113196	1
113197	1
113201	3
113202	1
113203	1
113207	2
113211	1
113217	2
113219	1
113220	1
113221	1
113222	1
113223	1
113224	1
113228	1
113229	3
113231	1
113238	1
113239	1
113242	1
113251	1
113255	1
113258	1
113260	1
113261	2
113262	2
113279	1
113282	1
113289	3
113291	1
113298	1
113299	1
113300	1
113303	1
113308	1
113313	1
113321	1
113323	1
113329	1
113346	2
113350	1
113361	1
113368	2
113404	1
113413	1
113539	1
113736	2
114020	1
114204	2
114227	1
114271	2
114278	1
114279	1
114295	1
114298	2
114315	1
114333	1
114362	1
114386	1
114388	1
114408	1
114416	1
114417	1
114425	1
114431	1
114433	1
114435	2
114447	1
114459	1
114472	1
114478	4
114482	2
114491	1
114492	1
114500	1
114519	2
114531	2
114549	1
114558	2
114560	1
114591	1
114632	1
114659	1
114665	1
114687	1
114694	3
114697	1
114701	1
114711	1
114713	1
114716	1
114721	1
114731	1
114748	1
114749	1
114754	1
114760	2
114768	2
114776	1
114781	1
114786	1
114799	1
114803	1
114813	1
114814	2
114820	1
114855	3
114878	1
114882	1
114884	1
114888	1
114889	1
114890	1
114902	1
114911	1
114918	2
114921	1
114944	1
114958	1
114977	1
114982	2
114989	1
115014	1
115031	1
115044	1
115087	1
115090	1
115098	1
115138	1
115154	1
115240	2
116639	1
117485	1
117584	1
117631	1
117650	1
117686	1
117727	1
117756	1
117771	1
117780	1
117816	1
117844	1
117868	2
117899	1
117908	1
117924	1
117951	1
117982	1
117984	1
117990	1
118010	1
118029	1
118041	1
118047	1
118051	1
118064	1
118066	1
118071	1
118091	1
118092	1
118096	1
118099	1
118110	1
118112	1
118140	1
118156	1
118183	1
118188	1
118191	1
119258	2
120391	1
120533	1
121981	1
122489	1
123407	1
123871	1
124109	1
125092	1
125907	1
126313	3
126639	1
128117	2
129428	1
130257	2
130909	1
131649	1
131691	2
131989	1
132027	2
132172	2
133249	1
138276	1
138454	1
138642	1
139294	1
139750	1
139815	1
139818	1
140766	1
142059	1
142158	1
143847	1
145024	1
145228	2
147520	1
147608	1
148123	1
149463	1
149915	1
150628	1
151928	1
151929	3
152724	1
153221	1
155330	1
155579	2
155701	1
155705	1
155718	1
155750	1
155755	1
155875	1
155887	1
155901	3
155902	1
155937	2
155952	1
155964	1
155975	1
155978	2
155983	1
156001	1
156003	2
156026	2
156028	3
156029	2
156034	1
156035	2
156039	1
156053	1
156055	3
156067	1
156072	1
156086	1
156088	1
156097	1
156101	1
156116	1
156118	1
156120	1
156133	3
156149	4
156174	1
156189	1
156193	1
156196	2
156213	1
156264	1
156296	1
156307	1
156325	1
156327	1
156328	1
156334	1
156341	2
156356	1
156367	1
156372	2
156382	1
156392	1
156397	1
156413	1
156414	1
156423	1
156442	1
156464	1
156470	1
156472	1
156476	1
156482	1
156488	4
156507	1
156509	1
156522	1
156565	2
156575	1
156615	1
156616	1
156630	2
156633	1
156634	1
156644	1
156672	1
156673	1
156676	1
156683	1
156702	1
156716	1
156753	1
156768	1
156781	1
156836	1
156872	2
156960	1
156987	1
157100	1
157261	1
157269	1
157291	1
157302	2
157330	1
157486	1
157569	1
157825	1
157872	1
158049	1
158418	1
159492	1
159539	1
162451	1
163143	1
163712	1
163794	1
164073	1
164077	1
164789	1
165827	1
165915	1
167173	1
167295	1
169531	2
171364	1
171376	1
171535	1
171736	1
172011	1
173831	2
173832	1
173898	2
173914	1
173941	2
173947	1
173954	1
173959	1
173963	1
173972	1
173975	1
173981	1
173997	1
174000	1
174002	2
174003	1
174032	1
174039	1
174044	1
174046	1
174049	2
174053	1
174055	1
174059	1
174060	2
174061	2
174062	1
174072	1
174077	1
174079	2
174080	1
174082	1
174084	1
174087	1
174091	1
174092	2
174093	4
174094	2
174097	3
174099	1
174107	1
174108	1
174118	1
174120	1
174121	1
174122	1
174125	1
174126	1
174127	1
174128	1
174134	1
174136	3
174138	1
174139	1
174142	2
174144	1
174146	1
174147	2
174149	1
174152	2
174157	2
174158	1
174159	1
174160	1
174161	1
174162	1
174163	1
174165	1
174167	1
174168	1
174169	1
174177	1
174182	1
174184	2
174185	1
174188	2
174189	2
174190	1
174195	1
174200	1
174201	1
174204	1
174206	2
174207	1
174210	1
174211	1
174212	1
174220	2
174222	1
174223	1
174224	3
174227	2
174228	1
174229	1
174230	1
174233	1
174234	1
174237	4
174239	1
174240	1
174244	1
174245	4
174246	1
174248	3
174249	1
174250	1
174251	2
174252	1
174254	3
174257	1
174259	2
174261	2
174262	1
174263	2
174264	1
174265	1
174268	2
174269	1
174270	3
174273	2
174274	1
174276	1
174277	2
174281	4
174283	2
174284	1
174286	1
174287	1
174288	2
174290	3
174292	1
174295	4
174300	1
174301	1
174302	2
174303	2
174307	3
174308	1
174309	2
174312	3
174314	1
174316	4
174321	1
174322	1
174323	1
174325	3
174326	2
174327	2
174328	3
174329	3
174330	1
174331	4
174332	1
174335	2
174337	1
174339	1
174340	1
174342	6
174343	4
174344	4
174346	2
174347	1
174348	1
174350	1
174352	1
174353	2
174356	1
174358	2
174360	3
174363	1
174364	2
174366	1
174367	1
174368	2
174369	2
174370	2
174371	2
174372	1
174374	1
174377	1
174379	2
174384	1
174387	3
174389	5
174391	1
174392	2
174394	1
174395	1
174397	1
174398	2
174399	2
174400	2
174401	3
174402	1
174403	1
174404	3
174405	2
174406	3
174409	1
174410	1
174412	1
174413	1
174416	1
174417	1
174419	2
174420	1
174421	1
174423	1
174424	1
174426	2
174427	4
174428	6
174431	1
174432	4
174433	2
174435	2
174436	1
174437	1
174439	2
174442	1
174443	1
174444	2
174445	1
174446	2
174448	1
174449	1
174451	4
174453	2
174454	2
174455	1
174456	1
174461	1
174462	2
174463	3
174464	1
174465	2
174466	1
174467	1
174469	1
174471	3
174472	3
174475	3
174476	1
174477	1
174478	1
174479	1
174480	2
174481	1
174482	2
174485	1
174486	2
174487	3
174490	1
174491	2
174492	3
174493	2
174496	2
174497	5
174498	2
174500	3
174501	4
174502	1
174505	1
174506	2
174507	5
174513	3
174514	1
174515	3
174516	6
174517	2
174519	2
174525	1
174527	3
174528	1
174530	1
174531	2
174533	1
174534	4
174535	1
174538	2
174540	1
174541	6
174543	2
174545	3
174546	1
174548	4
174549	1
174550	3
174551	2
174552	2
174553	1
174554	3
174555	1
174556	5
174558	1
174559	1
174560	1
174561	1
174565	2
174566	2
174569	1
174570	4
174572	1
174573	2
174574	2
174575	6
174576	1
174577	2
174580	1
174581	1
174582	2
174585	1
174586	1
174587	1
174588	1
174589	3
174590	1
174592	3
174594	1
174596	2
174597	1
174599	1
174600	2
174601	1
174602	2
174603	4
174604	1
174605	2
174606	4
174607	1
174608	1
174609	1
174611	4
174612	1
174613	2
174614	5
174615	2
174616	3
174617	6
174619	2
174620	1
174621	1
174622	2
174623	2
174624	2
174626	5
174628	1
174629	2
174630	1
174631	3
174632	2
174633	1
174634	2
174635	1
174636	4
174637	1
174638	2
174639	1
174640	1
174642	2
174643	2
174644	2
174645	3
174646	5
174647	3
174648	1
174651	2
174652	2
174653	1
174654	1
174655	1
174656	1
174657	2
174658	2
174659	2
174661	1
174663	3
174666	1
174668	1
174669	1
174671	2
174672	4
174674	4
174675	1
174676	3
174677	2
174678	4
174679	1
174680	1
174681	1
174682	2
174683	1
174684	2
174685	2
174686	4
174687	5
174688	3
174691	3
174692	2
174693	4
174694	1
174696	4
174697	1
174698	3
174699	7
174700	1
174701	3
174702	2
174704	3
174705	3
174707	3
174710	1
174711	5
174712	3
174713	6
174714	3
174716	5
174717	1
174718	2
174719	3
174720	5
174721	2
174723	3
174725	1
174726	2
174727	3
174728	2
174729	2
174730	2
174731	1
174732	4
174733	3
174734	3
174735	5
174736	1
174737	2
174738	3
174739	2
174741	3
174743	2
174744	4
174746	1
174747	1
174749	8
174750	1
174751	2
174753	1
174755	3
174756	2
174757	2
174759	3
174760	5
174761	1
174762	1
174763	4
174764	6
174766	2
174767	6
174769	1
174770	2
174771	2
174772	2
174773	2
174774	6
174775	4
174776	4
174778	2
174779	3
174780	2
174781	3
174782	4
174783	1
174784	3
174785	4
174786	1
174787	2
174789	5
174790	4
174792	4
174794	1
174795	1
174796	2
174797	2
174798	2
174799	3
174800	1
174801	5
174802	3
174803	4
174804	2
174805	5
174806	2
174807	2
174809	3
174810	3
174811	2
174812	1
174814	1
174815	3
174816	1
174817	3
174818	4
174819	1
174820	2
174821	1
174822	1
174823	2
174825	2
174826	3
174827	2
174828	3
174829	2
174831	2
174832	6
174833	2
174834	1
174835	1
174836	1
174837	1
174839	1
174840	2
174841	2
174842	1
174843	4
174844	1
174845	4
174847	2
174848	7
174849	1
174851	2
174853	2
174854	1
174855	2
174857	2
174858	1
174859	2
174861	3
174862	3
174863	3
174864	2
174865	5
174867	4
174869	2
174871	1
174873	4
174875	3
174876	2
174877	1
174878	2
174879	4
174881	7
174884	1
174885	1
174886	3
174887	2
174888	2
174889	4
174890	1
174891	3
174893	1
174895	4
174896	3
174897	2
174898	5
174900	3
174901	1
174902	1
174904	1
174906	1
174907	1
174908	2
174910	2
174911	1
174913	1
174914	3
174916	3
174917	3
174919	3
174920	1
174921	3
174925	1
174926	2
174927	1
174928	1
174929	2
174930	1
174932	2
174935	2
174936	1
174937	2
174938	1
174939	1
174940	3
174943	3
174944	1
174945	1
174946	1
174947	4
174948	2
174949	2
174952	1
174954	2
174955	2
174956	1
174957	2
174962	1
174963	1
174964	3
174965	2
174968	3
174970	1
174971	1
174972	1
174973	3
174975	3
174976	1
174978	4
174980	1
174981	4
174982	1
174983	1
174986	1
174988	1
174992	1
174993	1
174994	2
174996	1
174998	1
174999	2
175001	1
175003	4
175008	4
175010	1
175012	2
175013	2
175014	1
175016	1
175017	2
175022	1
175023	1
175025	2
175029	1
175031	1
175037	1
175044	1
175053	2
175055	1
175056	2
175059	1
175061	1
175062	1
175071	3
175075	1
175079	2
175080	1
175083	3
175112	1
175127	1
175133	1
175137	1
175145	1
175154	1
175167	1
175169	1
175178	1
175181	1
175187	1
175205	1
175206	1
175215	1
175217	2
175241	2
175253	2
175264	1
175288	1
175292	1
175306	1
175317	2
175323	1
175338	1
175358	1
175381	1
177318	2
177873	2
178295	1
178360	2
178366	1
178938	1
178991	1
179142	1
179311	1
179369	1
179464	1
179503	1
179581	1
179588	1
179591	1
179635	1
179653	1
179711	1
179730	1
179760	1
179761	1
179762	1
179772	1
179774	1
179779	1
179785	1
179804	1
179815	1
179816	1
179850	1
179867	1
179883	1
179894	2
179895	1
179903	1
179928	1
179930	1
179974	1
179987	1
180054	1
180073	1
180096	1
180133	1
180139	1
182001	1
182908	1
183023	1
183088	1
183538	1
184683	1
184684	3
185326	2
186709	1
187571	1
188494	1
189348	3
190516	2
192248	1
194347	1
195488	1
195948	1
196362	1
196425	1
196720	1
197934	1
197951	1
197962	1
197983	1
198307	1
198317	1
198338	1
198359	1
198520	1
198986	1
199463	1
201966	1
202136	1
202280	1
202592	1
202639	1
202823	1
202903	1
203130	1
203150	1
203194	1
203490	2
203793	1
204294	1
204409	2
204494	1
204497	1
204552	2
204983	1
205171	1
205860	1
206288	1
206315	1
206743	1
206897	2
207704	1
209863	1
210822	1
211456	1
211767	1
213617	3
215537	2
215771	1
216001	1
216004	1
216065	1
216087	1
216279	1
216501	2
216643	1
217058	1
217431	1
217766	1
220048	1
220098	1
220122	1
221270	1
221377	1
221595	1
221853	1
221961	1
221982	1
222505	1
224598	2
227268	1
228039	1
229255	1
229846	1
230689	1
