1	615869
2	229931
3	112366
4	89488
5	53739
6	32531
7	15399
8	12557
9	4224
10	5712
11	30497
12	5206
13	27708
14	16162
15	4429
16	1979
17	3673
18	3631
19	3567
20	21283
21	20986
22	1982
23	1202
24	1773
25	732
26	666
27	592
28	465
29	1148
30	3614
31	579
32	937
33	2483
34	811
35	5043
36	7530
37	881
38	646
39	5031
40	1196
41	14329
42	15839
43	626
44	729
45	763
46	769
47	26575
48	1136
49	41022
50	813
51	2281
52	807
53	480
54	722
55	436
56	1533
57	479
58	355
59	8893
60	1246
61	139
62	6409
63	655
64	243
65	403
66	434
67	395
68	358
69	337
70	324
71	364
72	323
73	320
74	370
75	1904
76	903
77	338
78	692
79	318
80	369
81	211
82	308
83	394
84	160
85	120
86	655
87	45
88	915
89	260
90	313
91	304
92	146
93	315
94	1952
95	2037
96	862
97	456
98	373
99	86
100	155
101	601
102	52
103	156
104	292
105	161
106	587
107	105
108	90
109	115
110	170
111	149
112	322
113	133
114	34
115	149
116	144
117	193
118	14
119	120
120	28
121	135
122	48
123	84
124	141
125	119
126	1727
127	599
128	3872
129	4475
130	2103
131	120
132	11
133	7
134	19
135	13
136	2
137	13
138	21
139	13
140	16
141	6
142	9
143	7
144	12
145	9
146	7
147	8
148	25
149	28
151	4
152	10
153	14
154	8
155	2
156	16
157	13
158	3
159	2
160	3
161	7
162	8
163	10
164	8
165	4
166	6
167	10
168	19
169	13
170	4
171	30
172	33
173	4
175	15
176	43
177	13
178	19
179	16
180	25
181	25
182	15
183	3
184	14
185	9
186	25
187	25
188	15
189	19
190	10
191	26
192	5
193	7
194	19
195	3
196	27
197	17
198	15
199	5
200	15
201	28
202	13
203	24
204	9
205	7
206	5
207	22
208	10
209	9
210	6
211	32
212	3
213	15
214	10
215	23
216	21
217	15
218	1
219	5
220	17
221	21
222	3
223	6
224	4
225	14
226	16
227	20
228	25
229	23
230	2
231	20
232	16
233	20
234	21
235	11
236	15
237	17
238	12
239	13
240	38
241	14
242	7
243	3
244	38
245	6
246	3
247	22
248	16
249	35
250	16
251	10
252	21
253	9
254	12
255	7
256	9
257	4
258	5
259	13
260	17
261	13
262	9
263	14
264	11
265	22
266	16
267	6
268	3
269	5
270	26
271	4
272	27
273	11
274	14
275	23
276	10
277	13
278	17
279	8
280	14
281	3
282	31
283	6
284	10
285	13
286	22
287	4
288	10
289	20
290	11
291	5
292	15
293	8
294	14
295	37
296	5
297	32
298	18
299	12
300	12
301	10
302	9
303	5
304	20
305	3
306	3
307	4
308	14
309	20
310	8
311	32
312	10
313	38
314	18
315	1
316	1
317	8
318	5
319	4
320	17
321	30
322	27
323	23
324	17
325	23
326	16
327	36
328	30
329	18
330	11
331	19
332	15
333	4
334	1
335	6
336	13
337	7
338	12
339	6
340	17
341	28
342	20
343	13
344	15
345	11
346	7
347	14
348	11
349	11
350	16
351	16
352	14
353	40
354	7
355	17
356	14
357	14
358	10
359	10
360	6
361	16
362	10
363	34
364	17
365	13
366	8
367	5
368	17
369	10
370	3
371	12
372	8
373	13
374	18
375	6
376	14
377	7
378	6
379	14
380	14
381	8
382	9
383	13
384	24
385	4
386	14
387	12
388	4
389	13
390	2
391	10
392	1
393	5
394	2
395	13
396	18
397	19
398	7
399	7
400	18
401	11
402	9
403	11
404	12
405	2
406	7
407	8
408	3
409	7
410	13
411	4
412	9
413	6
414	3
415	4
416	14
417	18
418	9
419	8
420	10
421	9
422	8
423	3
424	20
425	5
426	12
427	15
428	2
430	10
431	7
432	7
433	61
434	63
435	41
436	7
437	8
438	16
439	9
440	19
441	1
442	3
443	7
444	10
445	4
446	10
447	5
448	6
449	7
450	4
451	12
452	30
453	14
454	8
455	6
456	8
457	18
458	14
459	7
460	10
461	12
462	7
463	18
464	7
465	1
466	17
467	16
468	27
469	7
470	99
471	25
472	15
473	10
474	11
475	14
476	17
477	16
478	26
479	11
480	10
481	33
482	15
483	12
484	15
485	2
486	14
487	2
488	17
489	7
490	4
491	11
492	6
493	10
494	6
495	10
496	14
497	14
498	10
499	15
500	24
501	18
502	10
503	13
504	13
505	3
506	33
507	29
508	14
509	12
510	10
511	15
512	5
513	17
514	10
515	11
516	21
517	17
518	13
519	3
520	7
521	17
522	10
523	18
524	17
525	9
526	23
527	24
528	26
529	16
530	12
531	33
532	6
533	6
534	6
535	3
536	3
537	14
538	14
539	10
540	21
541	25
542	9
543	1
544	29
545	4
546	30
547	7
548	6
549	7
550	9
551	13
552	22
553	14
554	19
555	18
556	10
557	5
558	15
559	13
560	31
561	17
562	6
563	17
564	7
565	8
566	18
567	8
568	39
569	3
570	6
571	14
572	10
573	7
574	10
575	13
576	8
577	5
578	8
579	12
580	5
581	6
582	4
583	3
584	3
585	23
586	33
587	37
588	18
589	18
590	2
591	10
592	6
593	10
594	7
595	13
596	6
597	20
598	22
599	9
600	7
601	5
602	13
603	31
604	38
605	12
606	16
607	33
608	22
609	25
610	2
611	23
612	15
613	15
614	12
615	9
616	7
617	9
618	4
619	1
620	6
621	8
622	14
623	26
624	8
625	12
626	19
627	37
628	15
629	6
630	17
631	8
632	10
633	23
634	13
635	4
636	14
637	20
638	33
639	4
640	15
641	17
642	8
643	40
644	3
645	17
646	10
647	8
648	11
649	8
650	21
651	22
652	16
653	4
654	2
655	9
656	10
657	20
658	2
659	3
660	11
661	14
662	24
663	15
664	10
665	23
666	24
667	8
668	34
669	36
670	25
671	17
672	7
673	8
674	12
675	23
676	14
677	3
678	7
679	22
680	26
681	6
682	29
683	16
684	11
685	6
686	14
687	12
688	5
689	14
690	22
691	15
692	28
693	43
694	43
695	97
696	22
697	38
698	39
699	21
700	9
701	5
702	6
703	23
704	40
705	9
706	13
707	12
708	21
709	12
710	8
711	18
712	11
713	21
714	13
715	10
716	5
717	33
718	10
719	17
720	15
721	19
722	13
723	8
724	53
725	40
726	13
727	18
728	10
729	86
730	2
731	23
732	7
733	5
734	10
735	1
736	13
737	18
738	14
739	3
740	15
741	25
742	5
743	10
744	26
745	12
746	29
747	17
748	8
749	7
750	19
751	36
752	12
753	59
754	23
755	11
756	12
757	4
758	14
759	13
760	8
761	10
762	8
763	6
764	9
765	2
766	7
767	11
768	2
769	15
770	2
771	5
772	13
773	14
774	28
775	3
776	11
777	4
778	9
779	41
780	8
781	5
782	4
783	11
784	12
785	13
786	9
787	14
788	2
789	10
790	9
791	10
792	11
793	10
794	14
795	9
796	1
797	7
798	6
799	4
800	7
801	12
802	9
803	29
804	16
805	19
806	13
807	16
808	10
809	4
810	18
811	10
812	26
813	2
814	10
815	20
816	15
817	13
818	17
819	14
820	27
821	4
822	6
823	18
824	10
825	21
826	3
827	15
828	10
829	9
830	18
831	5
832	19
833	14
834	17
835	75
836	15
837	16
838	3
839	9
840	24
841	5
842	24
843	18
844	6
845	6
846	13
847	8
848	8
849	19
850	31
851	4
852	8
853	21
854	16
855	9
856	9
857	7
858	15
859	35
860	5
861	18
862	23
863	13
864	20
865	38
866	16
867	25
868	3
869	7
870	16
871	19
872	25
873	13
874	14
875	7
876	14
877	11
878	6
879	34
880	14
881	9
882	6
883	32
884	5
885	4
886	33
887	2
888	2
889	9
890	17
891	27
892	10
893	15
894	14
895	9
896	12
897	8
898	13
899	21
900	6
901	5
902	22
903	3
904	21
905	6
906	11
907	10
908	7
909	20
910	22
911	7
912	4
913	14
914	4
915	6
916	12
917	5
918	7
919	25
920	10
921	13
922	4
923	23
924	8
925	11
926	8
927	7
928	23
929	12
930	1
931	3
932	2
933	12
934	8
935	16
936	16
937	21
938	5
939	22
940	9
941	3
942	7
943	5
945	22
946	13
947	9
948	10
949	15
950	21
951	6
952	11
953	23
954	5
955	16
956	4
957	22
958	5
959	28
960	11
961	14
962	29
963	10
964	4
965	8
966	20
967	27
968	12
969	17
970	3
971	13
972	29
973	9
974	8
975	4
976	3
977	15
978	6
979	9
980	10
981	11
982	5
983	7
984	15
985	32
986	17
987	6
988	9
989	19
990	37
991	19
992	6
993	10
994	19
995	4
996	12
997	9
998	3
999	14
1000	15
1001	12
1002	15
1003	25
1004	15
1005	12
1006	2
1007	7
1008	17
1009	17
1010	10
1011	9
1012	21
1013	5
1014	12
1015	7
1016	5
1017	17
1018	29
1019	9
1020	5
1021	9
1022	17
1023	37
1024	12
1025	5
1026	16
1027	23
1028	20
1029	10
1030	10
1031	14
1032	15
1033	19
1034	9
1035	11
1036	14
1037	8
1038	20
1039	2
1040	19
1041	29
1042	15
1043	33
1044	1
1045	12
1046	8
1047	7
1048	31
1049	32
1050	6
1051	6
1052	21
1053	7
1054	9
1055	26
1056	20
1057	19
1058	26
1059	28
1060	1
1061	30
1062	9
1063	14
1064	27
1065	8
1066	8
1067	1
1068	18
1069	6
1070	1
1071	4
1072	23
1073	2
1074	17
1075	8
1076	2
1077	11
1078	9
1079	21
1080	28
1081	12
1082	10
1083	24
1084	8
1085	20
1086	7
1087	6
1088	17
1089	9
1090	1
1091	7
1092	10
1093	15
1094	8
1095	13
1096	10
1097	14
1098	11
1099	2
1100	19
1101	20
1102	31
1103	14
1104	1
1105	14
1106	8
1107	34
1108	16
1109	11
1110	4
1111	5
1112	15
1113	11
1114	4
1115	14
1116	16
1117	9
1118	15
1119	19
1120	3
1121	8
1122	4
1123	14
1124	19
1125	8
1126	5
1127	31
1128	8
1129	15
1130	10
1131	15
1132	29
1133	11
1134	5
1135	8
1136	11
1137	3
1138	12
1139	5
1140	15
1141	5
1142	2
1143	6
1144	4
1145	7
1146	21
1147	9
1148	18
1149	8
1150	6
1151	7
1152	9
1153	10
1154	8
1155	13
1156	10
1157	10
1158	8
1159	5
1160	20
1161	2
1162	8
1163	11
1164	22
1165	15
1166	36
1167	7
1168	11
1169	9
1170	16
1171	21
1172	55
1173	19
1174	3
1175	27
1176	17
1177	8
1178	10
1179	35
1180	14
1181	32
1182	10
1183	22
1184	14
1185	3
1186	9
1187	11
1188	8
1189	20
1190	4
1191	4
1192	7
1193	5
1194	2
1195	27
1196	17
1197	13
1198	22
1199	15
1200	3
1201	10
1202	7
1203	10
1204	19
1205	20
1206	17
1207	2
1208	12
1209	18
1210	12
1211	38
1212	19
1213	9
1214	35
1215	7
1216	33
1217	20
1218	12
1219	10
1220	28
1221	4
1222	9
1223	38
1224	11
1225	4
1226	13
1227	7
1228	10
1229	8
1230	2
1231	9
1232	14
1233	4
1234	34
1235	43
1236	25
1237	20
1238	17
1239	19
1240	8
1241	13
1242	5
1243	9
1244	45
1245	36
1246	5
1247	8
1248	14
1249	11
1250	20
1251	10
1252	14
1253	8
1254	1
1255	40
1256	18
1257	13
1258	4
1259	8
1260	8
1261	28
1262	23
1263	17
1264	22
1265	33
1266	12
1267	3
1268	21
1269	17
1270	23
1271	21
1272	35
1273	54
1274	20
1275	37
1276	17
1277	21
1278	35
1279	33
1280	27
1281	12
1282	7
1283	19
1284	30
1285	33
1286	26
1287	14
1288	28
1289	16
1290	29
1291	57
1292	26
1293	29
1294	16
1295	19
1296	35
1297	51
1298	32
1299	42
1300	42
1301	45
1302	22
1303	39
1304	62
1305	23
1306	21
1307	44
1308	31
1309	41
1310	60
1311	32
1312	7
1313	112
1314	75
1315	27
1316	67
1317	76
1318	50
1319	63
1320	10
1321	41
1322	52
1323	98
1324	17
1325	25
1326	28
1327	15
1328	27
1329	41
1330	69
1331	15
1332	8
1333	9
1334	4
1335	8
1336	6
1337	16
1338	7
1339	5
1340	34
1341	5
1342	9
1343	6
1344	9
1345	12
1346	27
1347	11
1348	8
1349	15
1350	13
1351	1
1352	44
1353	42
1354	15
1355	16
1356	6
1357	3
1358	18
1359	9
1360	8
1361	12
1362	18
1363	17
1364	12
1366	8
1367	18
1368	21
1369	1
1370	14
1371	9
1372	2
1373	27
1374	17
1375	1
1376	5
1377	4
1378	18
1379	4
1380	17
1381	14
1382	5
1383	21
1384	9
1385	21
1386	20
1387	10
1388	15
1389	6
1390	13
1391	12
1392	6
1393	12
1394	12
1395	17
1396	17
1397	2
1398	22
1399	12
1400	22
1401	6
1402	15
1403	13
1404	31
1405	9
1406	5
1407	11
1408	33
1409	11
1410	8
1411	14
1412	25
1413	23
1414	12
1415	23
1416	46
1417	17
1418	17
1419	24
1420	14
1421	11
1422	5
1423	12
1424	28
1425	14
1426	19
1427	37
1428	3
1429	50
1430	12
1431	16
1432	17
1433	20
1435	21
1436	7
1437	13
1438	26
1439	41
1440	10
1441	3
1442	26
1443	3
1444	30
1445	30
1446	5
1447	10
1448	34
1449	12
1450	57
1451	16
1452	25
1453	20
1454	14
1455	6
1456	10
1457	5
1458	41
1459	14
1460	8
1461	1
1462	9
1463	3
1464	25
1465	19
1466	13
1467	23
1468	13
1469	19
1470	8
1471	11
1472	14
1473	21
1474	28
1475	11
1476	15
1477	10
1478	9
1479	49
1480	6
1481	35
1482	23
1483	26
1484	11
1485	19
1486	5
1487	5
1488	5
1489	43
1490	24
1491	53
1492	11
1493	38
1494	6
1495	8
1496	24
1497	36
1498	13
1499	24
1500	9
1501	23
1502	73
1503	20
1504	2
1505	57
1506	3
1507	31
1508	92
1509	17
1510	110
1511	112
1512	101
1513	15
1514	22
1515	24
1516	10
1517	54
1518	30
1519	13
1520	38
1521	31
1522	27
1523	20
1524	14
1525	17
1526	36
1527	35
1528	21
1529	36
1530	22
1531	8
1532	82
1533	11
1534	1897
1535	9355
1536	2619
1537	8
1538	16
1539	5
1540	7
1541	11
1542	14
1543	1
1544	5
1545	3
1546	4
1547	16
1548	14
1549	15
1550	6
1551	15
1552	9
1553	4
1554	25
1555	8
1557	15
1558	10
1559	20
1560	5
1562	15
1563	12
1564	6
1565	7
1566	13
1567	2
1568	6
1569	3
1570	31
1571	72
1572	72
1573	56
1574	40
1575	15
1576	44
1577	17
1578	28
1579	59
1580	43
1581	65
1582	14
1583	4
1584	19
1585	24
1586	9
1587	5
1588	7
1589	9
1590	36
1591	5
1592	8
1593	13
1594	11
1595	7
1596	16
1597	10
1598	11
1599	25
1600	24
1601	27
1602	17
1603	19
1604	25
1605	11
1606	35
1607	38
1608	3
1609	7
1610	4
1611	26
1612	6
1613	3
1614	3
1615	14
1616	14
1617	1750
1618	141
1619	38
1620	29
1621	48
1622	44
1623	20
1624	22
1625	39
1626	41
1627	16
1628	15
1629	28
1630	24
1631	55
1632	47
1633	46
1634	56
1635	25
1636	22
1637	43
1638	34
1639	13
1640	52
1641	25
1642	29
1643	38
1644	57
1645	60
1646	6
1647	31
1648	31
1649	11
1650	40
1651	47
1652	29
1653	19
1654	19
1655	29
1656	29
1657	13
1658	47
1659	22
1660	45
1661	17
1662	33
1663	38
1664	25
1665	34
1666	19
1667	34
1668	17
1669	28
1670	21
1671	20
1672	16
1673	34
1674	41
1675	16
1676	25
1677	8
1678	26
1679	12
1680	7
1681	29
1682	33
1683	22
1684	28
1685	28
1686	47
1687	24
1688	35
1689	26
1690	37
1691	37
1692	13
1693	54
1694	36
1695	36
1696	58
1697	38
1698	37
1699	34
1700	54
1701	48
1702	50
1703	55
1704	54
1705	77
1706	72
1707	17
1708	25
1709	24
1710	9
1711	8
1712	22
1713	9
1714	34
1715	47
1716	5
1717	19
1718	23
1719	10
1720	47
1721	32
1722	7
1723	5
1724	18
1725	19
1726	20
1727	14
1728	26
1729	22
1730	22
1731	7
1732	31
1733	23
1734	30
1735	46
1736	50
1737	8
1738	13
1739	6
1740	29
1741	54
1742	2
1743	4
1744	4
1745	33
1746	13
1747	7
1748	6
1749	17
1750	14
1751	15
1752	19
1753	2
1754	7
1755	8
1756	25
1757	10
1758	2
1759	12
1760	39
1761	36
1763	23
1764	57
1765	22
1766	22
1767	37
1768	20
1769	116
1770	20
1771	8
1772	78
1773	3
1774	12
1775	15
1776	7
1777	21
1778	26
1779	16
1780	2
1781	44
1782	27
1783	108
1784	8
1786	35
1787	3
1788	99
1789	14
1790	22
1791	36
1792	42
1793	27
1794	42
1795	39
1796	1
1797	61
1798	16
1799	13
1800	99
1801	82
1803	106
1804	211
1805	90
1806	379
1807	29387
1808	632
