NC_010079
24200 24332
35847 36612
44603 44752
52489 52928
61722 62350
76181 76917
97381 97815
110840 111661
111815 112863
169913 170615
313016 313094
318692 319233
344203 344390
347356 347464
348038 348552
351124 351560
394816 394992
449283 450692
466553 467122
469859 470298
471023 471238
512708 518208
518339 518552
556118 556463
558936 562514
617851 618913
621946 622904
657616 657810
671553 671761
704944 705099
800925 801093
811323 811489
842893 843030
848220 848664
855659 855852
875018 875318
875448 875572
891650 892014
906209 906302
954481 954718
1071864 1072302
1098130 1098261
1344342 1344587
1426493 1427094
1442847 1443760
1456888 1457739
1472993 1473146
1558164 1558501
1803070 1805045
1873597 1874020
1892737 1893471
1910702 1912105
1912188 1912478
1917796 1918425
1938770 1940055
1941449 1941799
1961511 1961849
1961925 1962035
1994266 1996129
1996301 2003494
2031592 2031853
2041020 2041134
2111656 2111811
2112037 2112132
2176315 2176446
2181478 2181650
2211120 2211219
2247851 2247964
2254689 2255271
2292094 2297801
2317763 2319400
2389030 2389239
2431694 2432114
2478584 2479065
2504832 2505013
2539839 2540029
2580493 2580729
2624338 2625105
2629579 2629738
2632970 2633502
2664854 2665108
2699163 2699333
2774783 2775359
2830328 2830514
2866800 2866928
gi_161510924_ref_NC_010063.1_
1322 2342
3494 3649
4308 4403
12481 13210
16358 17087
20367 21100
gi_225631039_ref_NC_012417.1_
793 1412
1973 2056
